1,2,3,4,5,6,7,8,9,10,11,12,13,14,15,16,17,18,19,20,21,22,23,24,25,26,27,28,29
29,28,27,26,25,24,23,22,21,20,19,18,17,16,15,14,13,12,11,10,9,8,7,6,5,4,3,2,1
8,11,16,24,6,22,26,15,14,2,4,19,12,7,17,27,10,23,5,29,9,20,28,1,13,21,25,3,18
10,14,17,13,5,20,16,18,3,15,8,24,12,26,9,19,11,1,6,28,7,4,22,21,2,27,29,23,25
20,12,25,8,28,26,15,6,11,16,2,29,22,14,17,5,7,21,10,4,13,24,27,18,19,23,3,1,9
4,7,29,28,2,16,21,18,17,10,8,15,11,23,6,27,13,19,3,25,5,12,9,22,14,20,26,1,24
21,3,13,17,25,12,24,4,16,10,20,22,18,19,9,2,1,8,11,6,29,5,7,26,15,28,27,23,14
14,5,21,3,22,15,13,8,10,11,4,27,2,28,19,24,12,6,9,20,29,1,26,16,17,7,18,23,25
12,26,18,20,16,22,7,5,19,11,17,4,13,29,15,8,10,24,2,21,3,25,1,6,28,27,23,9,14
8,6,15,27,4,7,17,22,3,16,19,26,28,11,18,14,5,25,2,12,13,29,10,20,1,23,21,9,24
