1,2,3,4,5,6,7,8,9,10,11,12,13,14,15,16,17,18,19,20,21,22,23,24,25,26,27,28
28,27,26,25,24,23,22,21,20,19,18,17,16,15,14,13,12,11,10,9,8,7,6,5,4,3,2,1
8,11,15,23,5,21,25,14,13,2,4,18,27,6,16,7,9,22,17,20,28,19,10,1,12,26,24,3
25,10,13,15,12,5,19,28,16,3,14,7,18,27,11,8,17,9,1,23,6,20,22,24,2,21,26,4
9,15,18,11,22,7,25,23,14,5,28,20,2,17,19,24,27,4,12,26,21,3,10,6,16,8,1,13
22,6,19,4,27,25,24,2,13,17,15,14,8,7,12,16,20,23,3,9,28,21,1,10,11,18,5,26
10,12,4,1,18,3,28,14,20,22,9,23,13,7,8,17,16,15,6,25,24,5,19,27,11,2,26,21
20,17,7,26,18,11,4,16,3,27,12,10,6,25,8,28,15,1,13,2,19,24,14,22,5,9,23,21
21,10,17,22,28,27,9,19,13,15,11,16,5,3,20,7,18,24,8,14,23,4,26,2,1,12,25,6
4,23,9,20,7,6,12,27,28,10,11,3,5,18,14,2,19,15,26,17,21,24,8,13,16,1,22,25
